dim 120 120 120

putBox 0 80 10 34 0 30 190 190 190 0
cutBox 10 20 10 17 0 30
cutBox 60 70 10 17 0 30
cutBox 0 15 23 34 0 30
cutBox 65 80 23 34 0 30
cutBox 0 4 10 14 0 30
cutBox 76 80 10 14 0 30

putBox 0 4 10 14 0 30 0 0 0 0
putBox 76 80 10 14 0 30 0 0 0 0

putSphere 15 10 2 5 0 0 0 0
cutBox 10 20 5 15 5 10
putSphere 15 10 28 5 0 0 0 0
cutBox 10 20 5 15 20 25
cutBox 10 20 5 15 31 35
putBox 14 16 9 11 4 26 0 0 0 0
putBox 14 16 11 17 13 15 0 0 0 0

putSphere 65 10 2 5 0 0 0 0
cutBox 60 70 5 15 5 10
putSphere 65 10 28 5 0 0 0 0
cutBox 60 70 5 15 20 25
cutBox 60 70 5 15 31 35
putBox 64 66 9 11 4 26 0 0 0 0
putBox 64 66 11 17 13 15 0 0 0 0

cutBox 0 1 17 19 2 8
putBox 0 1 17 19 2 8 255 255 255 0
putVoxel 0 18 0 255 255 0 1
putVoxel 0 18 1 255 255 0 1
putVoxel 0 17 1 255 255 0 1
putVoxel 0 19 1 255 255 0 1
cutBox 0 1 17 19 22 28
putBox 0 1 17 19 22 28 255 255 255 0
putVoxel 0 18 30 255 255 0 1
putVoxel 0 18 29 255 255 0 1
putVoxel 0 17 29 255 255 0 1
putVoxel 0 19 29 255 255 0 1

cutBox 79 80 17 19 2 8
putBox 79 80 17 19 2 8 255 0 0 1
putVoxel 80 18 0 255 255 0 1
putVoxel 80 18 1 255 255 0 1
putVoxel 80 17 1 255 255 0 1
putVoxel 80 19 1 255 255 0 1
cutBox 79 80 17 19 22 28
putBox 79 80 17 19 22 28 255 0 0 1
putVoxel 80 18 30 255 255 0 1
putVoxel 80 18 29 255 255 0 1
putVoxel 80 17 29 255 255 0 1
putVoxel 80 19 29 255 255 0 1
putBox 80 80 18 18 23 27 255 255 255 1
putBox 80 80 18 18 3 7 255 255 255 1

putEllipsoid 25 36 15 3 2 10 255 0 0 0

putBox 63 63 19 33 0 0 80 80 80 1
putBox 63 63 19 33 30 30 80 80 80 1
putBox 58 63 19 19 0 0 80 80 80 1
putBox 58 63 19 19 30 30 80 80 80 1
putBox 58 58 11 19 30 30 80 80 80 1
putBox 58 58 11 19 0 0 80 80 80 1
putBox 17 17 19 33 0 0 80 80 80 1
putBox 17 17 19 33 30 30 80 80 80 1
putBox 17 22 19 19 0 0 80 80 80 1
putBox 17 22 19 19 30 30 80 80 80 1
putBox 22 22 11 19 30 30 80 80 80 1
putBox 22 22 11 19 0 0 80 80 80 1
putBox 17 63 33 33 0 0 80 80 80 1
putBox 17 63 33 33 30 30 80 80 80 1
putBox 22 58 11 11 0 0 80 80 80 1
putBox 22 58 11 11 30 30 80 80 80 1
putBox 40 40 11 33 0 0 80 80 80 1
putBox 40 40 11 33 30 30  80 80 80 1
putBox 41 41 12 32 30 30 150 150 150 1
putBox 41 41 12 32 0 0 150 150 150 1
putBox 39 39 12 32 30 30 150 150 150 1
putBox 39 39 12 32 0 0 150 150 150 1
putBox 35 37 22 22 0 0 0 0 0 1
putBox 35 37 22 22 30 30 0 0 0 1
putBox 59 61 22 22 0 0 0 0 0 1
putBox 59 61 22 22 30 30 0 0 0 1
